1000 3 7 7
10000 29 54 40
100000 733 296 304
500000 1421 1423 1413
1000 3 6 8
10000 46 38 39
100000 295 290 293
500000 1413 1580 1439
1000 3 7 7
10000 37 39 40
100000 303 499 411
500000 1481 1722 1862
1000 3 6 7
10000 28 38 39
100000 290 293 297
500000 1416 1415 1457
1000 3 6 7
10000 29 39 40
100000 285 293 449
500000 1458 1475 1428
1000 3 6 7
10000 28 38 39
100000 298 303 298
500000 1429 1420 2288
1000 3 6 7
10000 28 38 39
100000 292 308 299
500000 1449 1435 1441
1000 3 7 7
10000 28 38 39
100000 285 293 302
500000 1424 1447 1435
1000 3 6 7
10000 28 38 39
100000 286 278 294
500000 1437 1430 1435
1000 3 7 7
10000 29 38 39
100000 284 293 293
500000 1424 1442 1438
