1000 5 3 5
10000 51 38 39
100000 537 281 280
500000 2511 1367 1331
1000 5 4 5
10000 50 51 38
100000 516 276 292
500000 2812 1539 1625
1000 5 4 5
10000 51 52 39
100000 644 276 279
500000 2663 1344 1329
1000 5 3 6
10000 50 50 52
100000 511 273 275
500000 2529 1328 1297
1000 5 4 5
10000 50 37 38
100000 652 596 280
500000 2555 1361 1366
1000 6 4 5
10000 49 53 38
100000 520 468 273
500000 2488 1323 1340
1000 5 4 5
10000 50 58 37
100000 509 283 272
500000 2142 1323 1365
1000 5 4 5
10000 50 37 37
100000 519 284 273
500000 2850 1601 1323
1000 5 4 5
10000 50 37 37
100000 506 473 272
500000 2520 1323 1324
1000 5 4 5
10000 50 37 37
100000 505 274 272
500000 2535 1323 1327
