1000 3 7 7
10000 28 48 40
100000 301 295 296
500000 1789 1472 1443
1000 5 8 7
10000 28 39 55
100000 288 299 299
500000 1490 1498 1492
1000 3 7 7
10000 28 40 47
100000 374 448 304
500000 1700 1424 1475
1000 4 7 7
10000 28 39 39
100000 319 323 299
500000 1460 1454 1446
1000 3 7 7
10000 28 39 40
100000 287 295 294
500000 1476 1477 1600
1000 3 7 7
10000 28 39 39
100000 284 319 293
500000 1421 1431 1451
1000 3 7 7
10000 28 40 39
100000 280 299 301
500000 1488 1438 1459
1000 3 7 7
10000 28 39 39
100000 284 295 294
500000 1447 1436 1439
1000 3 7 7
10000 28 39 39
100000 288 293 295
500000 1426 1431 1373
1000 3 7 7
10000 28 39 40
100000 291 294 292
500000 1428 1425 1431
